1 400
4 361
9 324
16 289
25 256
36 225
49 196
64 169
81 144
100 121
121 100
144 81
169 64
196 49
225 36
256 25
289 16
324 9
361 4
400 1
441 0
484 1
529 4
576 9
625 16
676 25
729 36
784 49
841 64
900 81
961 100
1024 121
1089 144
1156 169
1225 196
1296 225
1369 256
1444 289
1521 324
1600 361
1681 400
1764 441
1849 484
1936 529
2025 576
2116 625
2209 676
2304 729
2401 784
2500 841
2601 900
2704 961
2809 1024
2916 1089
3025 1156
3136 1225
3249 1296
3364 1369
3481 1444
3600 1521
3721 1600
3844 1681
3969 1764
4096 1849
4225 1936
4356 2025
4489 2116
4624 2209
4761 2304
4900 2401
5041 2500
5184 2601
5329 2704
5476 2809
5625 2916
5776 3025
5929 3136
6084 3249
6241 3364
6400 3481
6561 3600
6724 3721
6889 3844
7056 3969
7225 4096
7396 4225
7569 4356
7744 4489
7921 4624
8100 4761
8281 4900
8464 5041
8649 5184
8836 5329
9025 5476
9216 5625
9409 5776
9604 5929
9801 6084
10000 6241
10201 6400
10404 6561
10609 6724
10816 6889
11025 7056
11236 7225
11449 7396
11664 7569
11881 7744
12100 7921
12321 8100
12544 8281
12769 8464
12996 8649
13225 8836
13456 9025
13689 9216
13924 9409
14161 9604
14400 9801
14641 10000
14884 10201
15129 10404
15376 10609
15625 10816
15876 11025
16129 11236
16384 11449
16641 11664
16900 11881
17161 12100
17424 12321
17689 12544
17956 12769
18225 12996
18496 13225
18769 13456
19044 13689
19321 13924
19600 14161
19881 14400
20164 14641
20449 14884
20736 15129
21025 15376
21316 15625
21609 15876
21904 16129
22201 16384
22500 16641
22801 16900
23104 17161
23409 17424
23716 17689
24025 17956
24336 18225
24649 18496
24964 18769
25281 19044
25600 19321
25921 19600
26244 19881
26569 20164
26896 20449
27225 20736
27556 21025
27889 21316
28224 21609
28561 21904
28900 22201
29241 22500
29584 22801
29929 23104
30276 23409
30625 23716
30976 24025
31329 24336
31684 24649
32041 24964
32400 25281
32761 25600
33124 25921
33489 26244
33856 26569
34225 26896
34596 27225
34969 27556
35344 27889
35721 28224
36100 28561
36481 28900
36864 29241
37249 29584
37636 29929
38025 30276
38416 30625
38809 30976
39204 31329
39601 31684
40000 32041
40401 32400
40804 32761
41209 33124
41616 33489
42025 33856
42436 34225
42849 34596
43264 34969
43681 35344
44100 35721
44521 36100
44944 36481
45369 36864
45796 37249
46225 37636
46656 38025
47089 38416
47524 38809
47961 39204
48400 39601
48841 40000
49284 40401
49729 40804
50176 41209
50625 41616
51076 42025
51529 42436
51984 42849
52441 43264
52900 43681
53361 44100
53824 44521
54289 44944
54756 45369
55225 45796
55696 46225
56169 46656
56644 47089
57121 47524
57600 47961
58081 48400
58564 48841
59049 49284
59536 49729
60025 50176
60516 50625
61009 51076
61504 51529
62001 51984
62500 52441
63001 52900
63504 53361
64009 53824
64516 54289
65025 54756
65536 55225
66049 55696
66564 56169
67081 56644
67600 57121
68121 57600
68644 58081
69169 58564
69696 59049
70225 59536
70756 60025
71289 60516
71824 61009
72361 61504
72900 62001
73441 62500
73984 63001
74529 63504
75076 64009
75625 64516
76176 65025
76729 65536
77284 66049
77841 66564
78400 67081
78961 67600
79524 68121
80089 68644
80656 69169
81225 69696
81796 70225
82369 70756
82944 71289
83521 71824
84100 72361
84681 72900
85264 73441
85849 73984
86436 74529
87025 75076
87616 75625
88209 76176
88804 76729
89401 77284
90000 77841
90601 78400
91204 78961
91809 79524
92416 80089
93025 80656
93636 81225
94249 81796
94864 82369
95481 82944
96100 83521
96721 84100
97344 84681
97969 85264
98596 85849
99225 86436
99856 87025
100489 87616
101124 88209
101761 88804
102400 89401
103041 90000
103684 90601
104329 91204
104976 91809
105625 92416
106276 93025
106929 93636
107584 94249
108241 94864
108900 95481
109561 96100
110224 96721
110889 97344
111556 97969
112225 98596
112896 99225
113569 99856
114244 100489
114921 101124
115600 101761
116281 102400
116964 103041
117649 103684
118336 104329
119025 104976
119716 105625
120409 106276
121104 106929
121801 107584
122500 108241
123201 108900
123904 109561
124609 110224
125316 110889
126025 111556
126736 112225
127449 112896
128164 113569
128881 114244
129600 114921
130321 115600
131044 116281
131769 116964
132496 117649
133225 118336
133956 119025
134689 119716
135424 120409
136161 121104
136900 121801
137641 122500
138384 123201
139129 123904
139876 124609
140625 125316
141376 126025
142129 126736
142884 127449
143641 128164
144400 128881
145161 129600
145924 130321
146689 131044
147456 131769
148225 132496
148996 133225
149769 133956
150544 134689
151321 135424
152100 136161
152881 136900
153664 137641
154449 138384
155236 139129
156025 139876
156816 140625
157609 141376
158404 142129
159201 142884
160000 143641
160801 144400
161604 145161
162409 145924
163216 146689
164025 147456
164836 148225
165649 148996
166464 149769
167281 150544
168100 151321
168921 152100
169744 152881
170569 153664
171396 154449
172225 155236
173056 156025
173889 156816
174724 157609
175561 158404
176400 159201
177241 160000
178084 160801
178929 161604
179776 162409
180625 163216
181476 164025
182329 164836
183184 165649
184041 166464
184900 167281
185761 168100
186624 168921
187489 169744
188356 170569
189225 171396
190096 172225
190969 173056
191844 173889
192721 174724
193600 175561
194481 176400
195364 177241
196249 178084
197136 178929
198025 179776
198916 180625
199809 181476
200704 182329
201601 183184
202500 184041
203401 184900
204304 185761
205209 186624
206116 187489
207025 188356
207936 189225
208849 190096
209764 190969
210681 191844
211600 192721
212521 193600
213444 194481
214369 195364
215296 196249
216225 197136
217156 198025
218089 198916
219024 199809
219961 200704
220900 201601
221841 202500
222784 203401
223729 204304
224676 205209
225625 206116
226576 207025
227529 207936
228484 208849
229441 209764
230400 210681
231361 211600
232324 212521
233289 213444
234256 214369
235225 215296
236196 216225
237169 217156
238144 218089
239121 219024
240100 219961
241081 220900
242064 221841
243049 222784
244036 223729
245025 224676
246016 225625
247009 226576
248004 227529
249001 228484
250000 229441
251001 230400
252004 231361
253009 232324
254016 233289
255025 234256
256036 235225
257049 236196
258064 237169
259081 238144
260100 239121
261121 240100
262144 241081
263169 242064
264196 243049
265225 244036
266256 245025
267289 246016
268324 247009
269361 248004
270400 249001
271441 250000
272484 251001
273529 252004
274576 253009
275625 254016
276676 255025
277729 256036
278784 257049
279841 258064
280900 259081
281961 260100
283024 261121
284089 262144
285156 263169
286225 264196
287296 265225
288369 266256
289444 267289
290521 268324
291600 269361
292681 270400
293764 271441
294849 272484
295936 273529
297025 274576
298116 275625
299209 276676
300304 277729
301401 278784
302500 279841
303601 280900
304704 281961
305809 283024
306916 284089
308025 285156
309136 286225
310249 287296
311364 288369
312481 289444
313600 290521
314721 291600
315844 292681
316969 293764
318096 294849
319225 295936
320356 297025
321489 298116
322624 299209
323761 300304
324900 301401
326041 302500
327184 303601
328329 304704
329476 305809
330625 306916
331776 308025
332929 309136
334084 310249
335241 311364
336400 312481
337561 313600
338724 314721
339889 315844
341056 316969
342225 318096
343396 319225
344569 320356
345744 321489
346921 322624
348100 323761
349281 324900
350464 326041
351649 327184
352836 328329
354025 329476
355216 330625
356409 331776
357604 332929
358801 334084
360000 335241
361201 336400
362404 337561
363609 338724
364816 339889
366025 341056
367236 342225
368449 343396
369664 344569
370881 345744
372100 346921
373321 348100
374544 349281
375769 350464
376996 351649
378225 352836
379456 354025
380689 355216
381924 356409
383161 357604
384400 358801
385641 360000
386884 361201
388129 362404
389376 363609
390625 364816
391876 366025
393129 367236
394384 368449
395641 369664
396900 370881
398161 372100
399424 373321
400689 374544
401956 375769
403225 376996
404496 378225
405769 379456
407044 380689
408321 381924
409600 383161
410881 384400
412164 385641
413449 386884
414736 388129
416025 389376
417316 390625
418609 391876
419904 393129
421201 394384
422500 395641
423801 396900
425104 398161
426409 399424
427716 400689
429025 401956
430336 403225
431649 404496
432964 405769
434281 407044
435600 408321
436921 409600
438244 410881
439569 412164
440896 413449
442225 414736
443556 416025
444889 417316
446224 418609
447561 419904
448900 421201
450241 422500
451584 423801
452929 425104
454276 426409
455625 427716
456976 429025
458329 430336
459684 431649
461041 432964
462400 434281
463761 435600
465124 436921
466489 438244
467856 439569
469225 440896
470596 442225
471969 443556
473344 444889
474721 446224
476100 447561
477481 448900
478864 450241
480249 451584
481636 452929
483025 454276
484416 455625
485809 456976
487204 458329
488601 459684
490000 461041
491401 462400
492804 463761
494209 465124
495616 466489
497025 467856
498436 469225
499849 470596
501264 471969
502681 473344
504100 474721
505521 476100
506944 477481
508369 478864
509796 480249
511225 481636
512656 483025
514089 484416
515524 485809
516961 487204
518400 488601
519841 490000
521284 491401
522729 492804
524176 494209
525625 495616
527076 497025
528529 498436
529984 499849
531441 501264
532900 502681
534361 504100
535824 505521
537289 506944
538756 508369
540225 509796
541696 511225
543169 512656
544644 514089
546121 515524
547600 516961
549081 518400
550564 519841
552049 521284
553536 522729
555025 524176
556516 525625
558009 527076
559504 528529
561001 529984
562500 531441
564001 532900
565504 534361
567009 535824
568516 537289
570025 538756
571536 540225
573049 541696
574564 543169
576081 544644
577600 546121
579121 547600
580644 549081
582169 550564
583696 552049
585225 553536
586756 555025
588289 556516
589824 558009
591361 559504
592900 561001
594441 562500
595984 564001
597529 565504
599076 567009
600625 568516
602176 570025
603729 571536
605284 573049
606841 574564
608400 576081
609961 577600
611524 579121
613089 580644
614656 582169
616225 583696
617796 585225
619369 586756
620944 588289
622521 589824
624100 591361
625681 592900
627264 594441
628849 595984
630436 597529
632025 599076
633616 600625
635209 602176
636804 603729
638401 605284
640000 606841
641601 608400
643204 609961
644809 611524
646416 613089
648025 614656
649636 616225
651249 617796
652864 619369
654481 620944
656100 622521
657721 624100
659344 625681
660969 627264
662596 628849
664225 630436
665856 632025
667489 633616
669124 635209
670761 636804
672400 638401
674041 640000
675684 641601
677329 643204
678976 644809
680625 646416
682276 648025
683929 649636
685584 651249
687241 652864
688900 654481
690561 656100
692224 657721
693889 659344
695556 660969
697225 662596
698896 664225
700569 665856
702244 667489
703921 669124
705600 670761
707281 672400
708964 674041
710649 675684
712336 677329
714025 678976
715716 680625
717409 682276
719104 683929
720801 685584
722500 687241
724201 688900
725904 690561
727609 692224
729316 693889
731025 695556
732736 697225
734449 698896
736164 700569
737881 702244
739600 703921
741321 705600
743044 707281
744769 708964
746496 710649
748225 712336
749956 714025
751689 715716
753424 717409
755161 719104
756900 720801
758641 722500
760384 724201
762129 725904
763876 727609
765625 729316
767376 731025
769129 732736
770884 734449
772641 736164
774400 737881
776161 739600
777924 741321
779689 743044
781456 744769
783225 746496
784996 748225
786769 749956
788544 751689
790321 753424
792100 755161
793881 756900
795664 758641
797449 760384
799236 762129
801025 763876
802816 765625
804609 767376
806404 769129
808201 770884
810000 772641
811801 774400
813604 776161
815409 777924
817216 779689
819025 781456
820836 783225
822649 784996
824464 786769
826281 788544
828100 790321
829921 792100
831744 793881
833569 795664
835396 797449
837225 799236
839056 801025
840889 802816
842724 804609
844561 806404
846400 808201
848241 810000
850084 811801
851929 813604
853776 815409
855625 817216
857476 819025
859329 820836
861184 822649
863041 824464
864900 826281
866761 828100
868624 829921
870489 831744
872356 833569
874225 835396
876096 837225
877969 839056
879844 840889
881721 842724
883600 844561
885481 846400
887364 848241
889249 850084
891136 851929
893025 853776
894916 855625
896809 857476
898704 859329
900601 861184
902500 863041
904401 864900
906304 866761
908209 868624
910116 870489
912025 872356
913936 874225
915849 876096
917764 877969
919681 879844
921600 881721
923521 883600
925444 885481
927369 887364
929296 889249
931225 891136
933156 893025
935089 894916
937024 896809
938961 898704
940900 900601
942841 902500
944784 904401
946729 906304
948676 908209
950625 910116
952576 912025
954529 913936
956484 915849
958441 917764
960400 919681
962361 921600
964324 923521
966289 925444
968256 927369
970225 929296
972196 931225
974169 933156
976144 935089
978121 937024
980100 938961
982081 940900
984064 942841
986049 944784
988036 946729
990025 948676
992016 950625
994009 952576
996004 954529
998001 956484
1000000 958441
1002001 960400
1004004 962361
1006009 964324
1008016 966289
1010025 968256
1012036 970225
1014049 972196
1016064 974169
1018081 976144
1020100 978121
1022121 980100
1024144 982081
1026169 984064
1028196 986049
1030225 988036
1032256 990025
1034289 992016
1036324 994009
1038361 996004
1040400 998001
1042441 1000000
1044484 1002001
1046529 1004004
1048576 1006009
1050625 1008016
1052676 1010025
1054729 1012036
1056784 1014049
1058841 1016064
1060900 1018081
1062961 1020100
1065024 1022121
1067089 1024144
1069156 1026169
1071225 1028196
1073296 1030225
1075369 1032256
1077444 1034289
1079521 1036324
1081600 1038361
1083681 1040400
1085764 1042441
1087849 1044484
1089936 1046529
1092025 1048576
1094116 1050625
1096209 1052676
1098304 1054729
1100401 1056784
1102500 1058841
1104601 1060900
1106704 1062961
1108809 1065024
1110916 1067089
1113025 1069156
1115136 1071225
1117249 1073296
1119364 1075369
1121481 1077444
1123600 1079521
1125721 1081600
1127844 1083681
1129969 1085764
1132096 1087849
1134225 1089936
1136356 1092025
1138489 1094116
1140624 1096209
1142761 1098304
1144900 1100401
1147041 1102500
1149184 1104601
1151329 1106704
1153476 1108809
1155625 1110916
1157776 1113025
1159929 1115136
1162084 1117249
1164241 1119364
1166400 1121481
1168561 1123600
1170724 1125721
1172889 1127844
1175056 1129969
1177225 1132096
1179396 1134225
1181569 1136356
1183744 1138489
1185921 1140624
1188100 1142761
1190281 1144900
1192464 1147041
1194649 1149184
1196836 1151329
1199025 1153476
1201216 1155625
1203409 1157776
1205604 1159929
1207801 1162084
1210000 1164241
1212201 1166400
1214404 1168561
1216609 1170724
1218816 1172889
1221025 1175056
1223236 1177225
1225449 1179396
1227664 1181569
1229881 1183744
1232100 1185921
1234321 1188100
1236544 1190281
1238769 1192464
1240996 1194649
1243225 1196836
1245456 1199025
1247689 1201216
1249924 1203409
1252161 1205604
1254400 1207801
1256641 1210000
1258884 1212201
1261129 1214404
1263376 1216609
1265625 1218816
1267876 1221025
1270129 1223236
1272384 1225449
1274641 1227664
1276900 1229881
1279161 1232100
1281424 1234321
1283689 1236544
1285956 1238769
1288225 1240996
1290496 1243225
1292769 1245456
1295044 1247689
1297321 1249924
1299600 1252161
1301881 1254400
1304164 1256641
1306449 1258884
1308736 1261129
1311025 1263376
1313316 1265625
1315609 1267876
1317904 1270129
1320201 1272384
1322500 1274641
1324801 1276900
1327104 1279161
1329409 1281424
1331716 1283689
1334025 1285956
1336336 1288225
1338649 1290496
1340964 1292769
1343281 1295044
1345600 1297321
1347921 1299600
1350244 1301881
1352569 1304164
1354896 1306449
1357225 1308736
1359556 1311025
1361889 1313316
1364224 1315609
1366561 1317904
1368900 1320201
1371241 1322500
1373584 1324801
1375929 1327104
1378276 1329409
1380625 1331716
1382976 1334025
1385329 1336336
1387684 1338649
1390041 1340964
1392400 1343281
1394761 1345600
1397124 1347921
1399489 1350244
1401856 1352569
1404225 1354896
1406596 1357225
1408969 1359556
1411344 1361889
1413721 1364224
1416100 1366561
1418481 1368900
1420864 1371241
1423249 1373584
1425636 1375929
1428025 1378276
1430416 1380625
1432809 1382976
1435204 1385329
1437601 1387684
1440000 1390041
1442401 1392400
1444804 1394761
1447209 1397124
1449616 1399489
1452025 1401856
1454436 1404225
1456849 1406596
1459264 1408969
1461681 1411344
1464100 1413721
1466521 1416100
1468944 1418481
1471369 1420864
1473796 1423249
1476225 1425636
1478656 1428025
1481089 1430416
1483524 1432809
1485961 1435204
1488400 1437601
1490841 1440000
1493284 1442401
1495729 1444804
1498176 1447209
1500625 1449616
1503076 1452025
1505529 1454436
1507984 1456849
1510441 1459264
1512900 1461681
1515361 1464100
1517824 1466521
1520289 1468944
1522756 1471369
1525225 1473796
1527696 1476225
1530169 1478656
1532644 1481089
1535121 1483524
1537600 1485961
1540081 1488400
1542564 1490841
1545049 1493284
1547536 1495729
1550025 1498176
1552516 1500625
1555009 1503076
1557504 1505529
1560001 1507984
1562500 1510441
1565001 1512900
1567504 1515361
1570009 1517824
1572516 1520289
1575025 1522756
1577536 1525225
1580049 1527696
1582564 1530169
1585081 1532644
1587600 1535121
1590121 1537600
1592644 1540081
1595169 1542564
1597696 1545049
1600225 1547536
1602756 1550025
1605289 1552516
1607824 1555009
1610361 1557504
1612900 1560001
1615441 1562500
1617984 1565001
1620529 1567504
1623076 1570009
1625625 1572516
1628176 1575025
1630729 1577536
1633284 1580049
1635841 1582564
1638400 1585081
1640961 1587600
1643524 1590121
1646089 1592644
1648656 1595169
1651225 1597696
1653796 1600225
1656369 1602756
1658944 1605289
1661521 1607824
1664100 1610361
1666681 1612900
1669264 1615441
1671849 1617984
1674436 1620529
1677025 1623076
1679616 1625625
1682209 1628176
1684804 1630729
1687401 1633284
1690000 1635841
1692601 1638400
1695204 1640961
1697809 1643524
1700416 1646089
1703025 1648656
1705636 1651225
1708249 1653796
1710864 1656369
1713481 1658944
1716100 1661521
1718721 1664100
1721344 1666681
1723969 1669264
1726596 1671849
1729225 1674436
1731856 1677025
1734489 1679616
1737124 1682209
1739761 1684804
1742400 1687401
1745041 1690000
1747684 1692601
1750329 1695204
1752976 1697809
1755625 1700416
1758276 1703025
1760929 1705636
1763584 1708249
1766241 1710864
1768900 1713481
1771561 1716100
1774224 1718721
1776889 1721344
1779556 1723969
1782225 1726596
1784896 1729225
1787569 1731856
1790244 1734489
1792921 1737124
1795600 1739761
1798281 1742400
1800964 1745041
1803649 1747684
1806336 1750329
1809025 1752976
1811716 1755625
1814409 1758276
1817104 1760929
1819801 1763584
1822500 1766241
1825201 1768900
1827904 1771561
1830609 1774224
1833316 1776889
1836025 1779556
1838736 1782225
1841449 1784896
1844164 1787569
1846881 1790244
1849600 1792921
1852321 1795600
1855044 1798281
1857769 1800964
1860496 1803649
1863225 1806336
1865956 1809025
1868689 1811716
1871424 1814409
1874161 1817104
1876900 1819801
1879641 1822500
1882384 1825201
1885129 1827904
1887876 1830609
1890625 1833316
1893376 1836025
1896129 1838736
1898884 1841449
1901641 1844164
1904400 1846881
1907161 1849600
1909924 1852321
1912689 1855044
1915456 1857769
1918225 1860496
1920996 1863225
1923769 1865956
1926544 1868689
1929321 1871424
1932100 1874161
1934881 1876900
1937664 1879641
1940449 1882384
1943236 1885129
1946025 1887876
1948816 1890625
1951609 1893376
1954404 1896129
1957201 1898884
1960000 1901641
1962801 1904400
1965604 1907161
1968409 1909924
1971216 1912689
1974025 1915456
1976836 1918225
1979649 1920996
1982464 1923769
1985281 1926544
1988100 1929321
1990921 1932100
1993744 1934881
1996569 1937664
1999396 1940449
2002225 1943236
2005056 1946025
2007889 1948816
2010724 1951609
2013561 1954404
2016400 1957201
2019241 1960000
2022084 1962801
2024929 1965604
2027776 1968409
2030625 1971216
2033476 1974025
2036329 1976836
2039184 1979649
2042041 1982464
2044900 1985281
2047761 1988100
2050624 1990921
2053489 1993744
2056356 1996569
2059225 1999396
2062096 2002225
2064969 2005056
2067844 2007889
2070721 2010724
2073600 2013561
2076481 2016400
2079364 2019241
2082249 2022084
2085136 2024929
2088025 2027776
2090916 2030625
2093809 2033476
2096704 2036329
2099601 2039184
2102500 2042041
2105401 2044900
2108304 2047761
2111209 2050624
2114116 2053489
2117025 2056356
2119936 2059225
2122849 2062096
2125764 2064969
2128681 2067844
2131600 2070721
2134521 2073600
2137444 2076481
2140369 2079364
2143296 2082249
2146225 2085136
2149156 2088025
2152089 2090916
2155024 2093809
2157961 2096704
2160900 2099601
2163841 2102500
2166784 2105401
2169729 2108304
2172676 2111209
2175625 2114116
2178576 2117025
2181529 2119936
2184484 2122849
2187441 2125764
2190400 2128681
2193361 2131600
2196324 2134521
2199289 2137444
2202256 2140369
2205225 2143296
2208196 2146225
2211169 2149156
2214144 2152089
2217121 2155024
2220100 2157961
2223081 2160900
2226064 2163841
2229049 2166784
2232036 2169729
2235025 2172676
2238016 2175625
2241009 2178576
2244004 2181529
2247001 2184484
2250000 2187441
2253001 2190400
2256004 2193361
2259009 2196324
2262016 2199289
2265025 2202256
2268036 2205225
2271049 2208196
2274064 2211169
2277081 2214144
2280100 2217121
2283121 2220100
2286144 2223081
2289169 2226064
2292196 2229049
2295225 2232036
2298256 2235025
2301289 2238016
2304324 2241009
2307361 2244004
2310400 2247001
2313441 2250000
2316484 2253001
2319529 2256004
2322576 2259009
2325625 2262016
2328676 2265025
2331729 2268036
2334784 2271049
2337841 2274064
2340900 2277081
2343961 2280100
2347024 2283121
2350089 2286144
2353156 2289169
2356225 2292196
2359296 2295225
2362369 2298256
2365444 2301289
2368521 2304324
2371600 2307361
2374681 2310400
2377764 2313441
2380849 2316484
2383936 2319529
2387025 2322576
2390116 2325625
2393209 2328676
2396304 2331729
2399401 2334784
2402500 2337841
2405601 2340900
2408704 2343961
2411809 2347024
2414916 2350089
2418025 2353156
2421136 2356225
2424249 2359296
2427364 2362369
2430481 2365444
2433600 2368521
2436721 2371600
2439844 2374681
2442969 2377764
2446096 2380849
2449225 2383936
2452356 2387025
2455489 2390116
2458624 2393209
2461761 2396304
2464900 2399401
2468041 2402500
2471184 2405601
2474329 2408704
2477476 2411809
2480625 2414916
2483776 2418025
2486929 2421136
2490084 2424249
2493241 2427364
2496400 2430481
2499561 2433600
2502724 2436721
2505889 2439844
2509056 2442969
2512225 2446096
2515396 2449225
2518569 2452356
2521744 2455489
2524921 2458624
2528100 2461761
2531281 2464900
2534464 2468041
2537649 2471184
2540836 2474329
2544025 2477476
2547216 2480625
2550409 2483776
2553604 2486929
2556801 2490084
2560000 2493241
2563201 2496400
2566404 2499561
2569609 2502724
2572816 2505889
2576025 2509056
2579236 2512225
2582449 2515396
2585664 2518569
2588881 2521744
2592100 2524921
2595321 2528100
2598544 2531281
2601769 2534464
2604996 2537649
2608225 2540836
2611456 2544025
2614689 2547216
2617924 2550409
2621161 2553604
2624400 2556801
2627641 2560000
2630884 2563201
2634129 2566404
2637376 2569609
2640625 2572816
2643876 2576025
2647129 2579236
2650384 2582449
2653641 2585664
2656900 2588881
2660161 2592100
2663424 2595321
2666689 2598544
2669956 2601769
2673225 2604996
2676496 2608225
2679769 2611456
2683044 2614689
2686321 2617924
2689600 2621161
2692881 2624400
2696164 2627641
2699449 2630884
2702736 2634129
2706025 2637376
2709316 2640625
2712609 2643876
2715904 2647129
2719201 2650384
2722500 2653641
2725801 2656900
2729104 2660161
2732409 2663424
2735716 2666689
2739025 2669956
2742336 2673225
2745649 2676496
2748964 2679769
2752281 2683044
2755600 2686321
2758921 2689600
2762244 2692881
2765569 2696164
2768896 2699449
2772225 2702736
2775556 2706025
2778889 2709316
2782224 2712609
2785561 2715904
2788900 2719201
2792241 2722500
2795584 2725801
2798929 2729104
2802276 2732409
2805625 2735716
2808976 2739025
2812329 2742336
2815684 2745649
2819041 2748964
2822400 2752281
2825761 2755600
2829124 2758921
2832489 2762244
2835856 2765569
2839225 2768896
2842596 2772225
2845969 2775556
2849344 2778889
2852721 2782224
2856100 2785561
2859481 2788900
2862864 2792241
2866249 2795584
2869636 2798929
2873025 2802276
2876416 2805625
2879809 2808976
2883204 2812329
2886601 2815684
2890000 2819041
2893401 2822400
2896804 2825761
2900209 2829124
2903616 2832489
2907025 2835856
2910436 2839225
2913849 2842596
2917264 2845969
2920681 2849344
2924100 2852721
2927521 2856100
2930944 2859481
2934369 2862864
2937796 2866249
2941225 2869636
2944656 2873025
2948089 2876416
2951524 2879809
2954961 2883204
2958400 2886601
2961841 2890000
2965284 2893401
2968729 2896804
2972176 2900209
2975625 2903616
2979076 2907025
2982529 2910436
2985984 2913849
2989441 2917264
2992900 2920681
2996361 2924100
2999824 2927521
3003289 2930944
3006756 2934369
3010225 2937796
3013696 2941225
3017169 2944656
3020644 2948089
3024121 2951524
3027600 2954961
3031081 2958400
3034564 2961841
3038049 2965284
3041536 2968729
3045025 2972176
3048516 2975625
3052009 2979076
3055504 2982529
3059001 2985984
3062500 2989441
3066001 2992900
3069504 2996361
3073009 2999824
3076516 3003289
3080025 3006756
3083536 3010225
3087049 3013696
3090564 3017169
3094081 3020644
3097600 3024121
3101121 3027600
3104644 3031081
3108169 3034564
3111696 3038049
3115225 3041536
3118756 3045025
3122289 3048516
3125824 3052009
3129361 3055504
3132900 3059001
3136441 3062500
3139984 3066001
3143529 3069504
3147076 3073009
3150625 3076516
3154176 3080025
3157729 3083536
3161284 3087049
3164841 3090564
3168400 3094081
3171961 3097600
3175524 3101121
3179089 3104644
3182656 3108169
3186225 3111696
3189796 3115225
3193369 3118756
3196944 3122289
3200521 3125824
3204100 3129361
3207681 3132900
3211264 3136441
3214849 3139984
3218436 3143529
3222025 3147076
3225616 3150625
3229209 3154176
3232804 3157729
3236401 3161284
3240000 3164841
3243601 3168400
3247204 3171961
3250809 3175524
3254416 3179089
3258025 3182656
3261636 3186225
3265249 3189796
3268864 3193369
3272481 3196944
3276100 3200521
3279721 3204100
3283344 3207681
3286969 3211264
3290596 3214849
3294225 3218436
3297856 3222025
3301489 3225616
3305124 3229209
3308761 3232804
3312400 3236401
3316041 3240000
3319684 3243601
3323329 3247204
3326976 3250809
3330625 3254416
3334276 3258025
3337929 3261636
3341584 3265249
3345241 3268864
3348900 3272481
3352561 3276100
3356224 3279721
3359889 3283344
3363556 3286969
3367225 3290596
3370896 3294225
3374569 3297856
3378244 3301489
3381921 3305124
3385600 3308761
3389281 3312400
3392964 3316041
3396649 3319684
3400336 3323329
3404025 3326976
3407716 3330625
3411409 3334276
3415104 3337929
3418801 3341584
3422500 3345241
3426201 3348900
3429904 3352561
3433609 3356224
3437316 3359889
3441025 3363556
3444736 3367225
3448449 3370896
3452164 3374569
3455881 3378244
3459600 3381921
3463321 3385600
3467044 3389281
3470769 3392964
3474496 3396649
3478225 3400336
3481956 3404025
3485689 3407716
3489424 3411409
3493161 3415104
3496900 3418801
3500641 3422500
3504384 3426201
3508129 3429904
3511876 3433609
3515625 3437316
3519376 3441025
3523129 3444736
3526884 3448449
3530641 3452164
3534400 3455881
3538161 3459600
3541924 3463321
3545689 3467044
3549456 3470769
3553225 3474496
3556996 3478225
3560769 3481956
3564544 3485689
3568321 3489424
3572100 3493161
3575881 3496900
3579664 3500641
3583449 3504384
3587236 3508129
3591025 3511876
3594816 3515625
3598609 3519376
3602404 3523129
3606201 3526884
3610000 3530641
3613801 3534400
3617604 3538161
3621409 3541924
3625216 3545689
3629025 3549456
3632836 3553225
3636649 3556996
3640464 3560769
3644281 3564544
3648100 3568321
3651921 3572100
3655744 3575881
3659569 3579664
3663396 3583449
3667225 3587236
3671056 3591025
3674889 3594816
3678724 3598609
3682561 3602404
3686400 3606201
3690241 3610000
3694084 3613801
3697929 3617604
3701776 3621409
3705625 3625216
3709476 3629025
3713329 3632836
3717184 3636649
3721041 3640464
3724900 3644281
3728761 3648100
3732624 3651921
3736489 3655744
3740356 3659569
3744225 3663396
3748096 3667225
3751969 3671056
3755844 3674889
3759721 3678724
3763600 3682561
3767481 3686400
3771364 3690241
3775249 3694084
3779136 3697929
3783025 3701776
3786916 3705625
3790809 3709476
3794704 3713329
3798601 3717184
3802500 3721041
3806401 3724900
3810304 3728761
3814209 3732624
3818116 3736489
3822025 3740356
3825936 3744225
3829849 3748096
3833764 3751969
3837681 3755844
3841600 3759721
3845521 3763600
3849444 3767481
3853369 3771364
3857296 3775249
3861225 3779136
3865156 3783025
3869089 3786916
3873024 3790809
3876961 3794704
3880900 3798601
3884841 3802500
3888784 3806401
3892729 3810304
3896676 3814209
3900625 3818116
3904576 3822025
3908529 3825936
3912484 3829849
3916441 3833764
3920400 3837681
3924361 3841600
3928324 3845521
3932289 3849444
3936256 3853369
3940225 3857296
3944196 3861225
3948169 3865156
3952144 3869089
3956121 3873024
3960100 3876961
3964081 3880900
3968064 3884841
3972049 3888784
3976036 3892729
3980025 3896676
3984016 3900625
3988009 3904576
3992004 3908529
3996001 3912484
